BagClass.csv=2021-04-26T08:24:41.877252Z
Item.csv=2021-04-26T08:24:41.899188Z
ServerInfo.csv=2021-04-26T08:24:41.978979Z
